#This one starts down, is similar to next one

m1 = 1.188889
e_star_ffp1 = 0.9982296497127007
e_star_bp1 = 0.002831325835564035
sma_star_ffp1 = 2318.9515580915295
sma_star_bp1 = 1.0000772686971517
om11 = -12.3821332867
om21 = -13.1687421576
f1 = 'm1.188889e+00_a1.000000e+00_b1.123283e+01_p2.294588e+02.dat'

mass1	mass2		semimajor_axis		eccentricity		true_anomaly	inclination	long_asc_node	arg_per
0.58	7.5		2318.95155809		0.998229649713		167.689912753	0.0		0.0		-12.3821332867
0.58	1.188889	1.0000772687		0.0028313258356		124.857976419	0.0		0.0		-13.1687421576


#This one is at -300 and seem to be going further

m2 = 1.188889
e_star_ffp2 = 0.9979511755073169
e_star_bp2 = 0.004490745565236455
sma_star_ffp2 = 1411.8796326270449
sma_star_bp2 = 0.9992253527307187
inc2 = 180.0
om12 = -8.07219911366
om22 = -47.4605952228
f2 = 'm1.188889e+00_a1.000000e+00_b-8.023452e+00_p2.752418e+02.dat'

mass1	mass2		semimajor_axis		eccentricity		true_anomaly	inclination	long_asc_node	arg_per
0.58 	7.5 		1411.87963263 		0.997951175507 		169.951993207	180.0 		0.0 		-8.07219911366
0.58 	1.188889 	0.999225352731 		0.00449074556521	62.7187584694	0.0 		0.0 		-47.4605952228

